304,35
10,251
10,2
10,3
11,24
11,6
11,17
11,5
11,15
11,25
11,1
11,9
11,2
11,3
9,7
9,1
9,5
9,2
9,3
8,7
8,17
8,14
8,6
8,10
8,1
8,9
8,2
8,3
0,516
12,2
12,1
12,3
20,2
20,1
20,3
19,2
19,1
19,3
259,590
259,589
259,588
259,587
259,586
259,585
259,584
259,583
259,582
259,581
259,580
259,579
259,578
259,577
259,576
259,575
259,574
259,573
259,572
259,571
259,570
259,569
259,568
259,567
259,566
259,565
259,564
259,563
259,562
259,561
259,560
259,559
259,558
259,557
18,1
18,3
259,556
259,555
259,554
259,553
259,552
259,551
259,550
259,549
259,548
259,547
259,546
259,545
259,544
259,543
259,542
259,541
259,540
259,539
259,538
259,537
259,536
259,535
259,534
259,533
259,532
259,531
259,530
259,529
259,528
259,527
259,526
259,525
259,524
259,523
259,522
259,521
259,520
259,519
259,518
259,517
259,516
259,515
259,514
259,513
259,512
259,511
259,510
259,509
259,508
259,507
259,506
259,505
259,504
259,503
259,502
259,501
259,500
259,499
259,498
259,497
259,496
259,495
259,494
259,493
259,492
259,491
259,490
259,489
259,488
259,487
259,486
259,485
259,484
259,483
259,482
259,481
259,480
259,479
259,478
259,477
259,476
259,475
259,474
259,473
259,472
259,471
259,470
259,469
259,468
259,467
259,466
259,465
259,464
259,463
259,462
259,461
259,460
259,459
259,458
259,457
259,456
259,455
259,454
259,453
259,452
259,451
259,450
259,449
259,448
259,447
259,446
259,445
259,444
259,443
259,442
259,441
259,440
259,439
259,438
259,437
259,1
259,436
2,2
2,1
103,42
2,3
103,41
103,1
103,40
0,509
0,496
0,437
0,428
0,0
14,15
14,13
14,6
0,544
13,1
13,3
14,1
14,10
14,3
304,34
304,33
304,32
304,31
304,30
304,29
304,28
304,27
304,26
304,25
304,24
304,23
304,22
304,21
304,20
304,19
304,18
304,17
304,16
304,15
304,14
304,13
304,12
304,11
304,10
304,9
304,8
304,7
304,6
304,5
304,4
304,3
304,2
304,0
0,273
0,270
0,548
0,9
0,546
0,276
0,275
0,272
0,271
0,12
0,515
0,10
0,8
0,528
0,394
0,268
0,407
0,466
0,267
0,532
0,530
0,266
0,514
0,393
0,265
0,527
0,471
0,264
0,512
0,406
0,263
0,511
0,405
0,262
0,462
0,307
0,261
0,280
0,510
0,566
0,260
0,459
0,392
0,259
0,457
0,384
0,258
0,455
0,425
0,257
0,453
0,285
0,256
0,467
10,1
10,89
10,33
10,275
10,263
10,257
3,1
246,3
246,4
246,917
246,5
246,7
246,8
246,10
246,11
246,13
246,14
246,16
246,18
246,19
246,21
246,22
246,24
246,26
246,27
246,29
246,30
246,32
246,33
246,35
246,65
246,66
246,68
246,69
246,71
246,73
246,74
246,76
246,77
246,79
246,80
246,82
246,84
246,85
246,87
246,88
246,90
246,92
246,93
246,95
246,96
246,98
246,100
246,101
246,103
246,104
246,106
246,107
246,109
